result:
| beta | nproc | rolling | time_intervals | tot_time_avg | comm_time_avg | max_iters | tot_iters |   Nx |  stol |   tol | convergence |                   diff |
|------|-------|---------|----------------|--------------|---------------|-----------|-----------|------|-------|-------|-------------|------------------------|
|    0 |     1 |     128 |              1 |    196.43667 |           0.0 |       1.0 |     128.0 | 1500 | 1e-08 | 1e-06 |           1 | 2.3017284744852873e-08 |
|    1 |     1 |     128 |              1 |     323.4629 |           0.0 |       1.0 |     128.0 | 1500 | 1e-08 | 1e-06 |           1 |  3.589209912613356e-07 |
|    0 |     2 |      64 |              2 |    175.14936 |       8.74364 |       1.0 |      64.0 | 1500 | 1e-08 | 1e-06 |           1 | 3.5621088689818947e-07 |
|    1 |     2 |      64 |              2 |     184.6858 |       8.60991 |       1.0 |      64.0 | 1500 | 1e-08 | 1e-06 |           1 | 3.5895379790762405e-07 |
|    0 |     4 |      32 |              4 |    127.28846 |       8.03057 |       2.0 |      34.0 | 1500 | 1e-08 | 1e-06 |           1 | 3.5139138543953473e-07 |
|    1 |     4 |      32 |              4 |    142.80291 |       8.36588 |       2.0 |      36.0 | 1500 | 1e-08 | 1e-06 |           1 | 3.5532897946692627e-07 |
|    0 |     8 |      16 |              8 |    129.69622 |       8.10423 |       2.0 |      32.0 | 1500 | 1e-08 | 1e-06 |           1 |  3.589343542387269e-07 |
|    1 |     8 |      16 |              8 |     137.2953 |       7.83499 |       2.0 |      30.0 | 1500 | 1e-08 | 1e-06 |           1 | 3.5860695357660266e-07 |
|    0 |    16 |       8 |             16 |     87.44281 |       6.00038 |       2.0 |      16.0 | 1500 | 1e-08 | 1e-06 |           1 |  3.589439665496741e-07 |
|    1 |    16 |       8 |             16 |     95.42247 |       6.33232 |       2.0 |      16.0 | 1500 | 1e-08 | 1e-06 |           1 |   3.58928587740337e-07 |
|    0 |    32 |       4 |             32 |     64.35226 |       4.10277 |       2.0 |       8.0 | 1500 | 1e-08 | 1e-06 |           1 | 3.5891083582928474e-07 |
|    1 |    32 |       4 |             32 |     61.33601 |       4.34372 |       2.0 |       8.0 | 1500 | 1e-08 | 1e-06 |           1 | 3.5893044447732336e-07 |
|    0 |    64 |       2 |             64 |     43.86402 |       2.51715 |       2.0 |       4.0 | 1500 | 1e-08 | 1e-06 |           1 |  3.589421223582079e-07 |
|    1 |    64 |       2 |             64 |     46.11672 |       2.80163 |       2.0 |       4.0 | 1500 | 1e-08 | 1e-06 |           1 | 3.5892908145651603e-07 |
|    0 |   128 |       1 |            128 |     34.81668 |       1.46584 |       2.0 |       2.0 | 1500 | 1e-08 | 1e-06 |           1 | 3.5881217175237623e-07 |
|    1 |   128 |       1 |            128 |     36.97252 |       1.84693 |       2.0 |       2.0 | 1500 | 1e-08 | 1e-06 |           1 |  3.589141343018909e-07 |
