result:
 nproc | rolling | time_intervals | tot_time_avg | tot_time_min | tot_time_max | comm_time_avg | max_iters |  Nx |  stol |   tol |
-------|---------|----------------|--------------|--------------|--------------|---------------|-----------|-----|-------|-------|
     1 |      64 |              1 |      2.56266 |      2.56266 |      2.56266 |           0.0 |       1.0 | 350 | 1e-06 | 1e-05 |
     2 |      32 |              2 |      7.28346 |      7.28346 |      7.28346 |        0.3466 |       5.0 | 350 | 1e-06 | 1e-05 |
     4 |      16 |              4 |      7.25996 |      7.25996 |      7.25996 |       0.27901 |       4.0 | 350 | 1e-06 | 1e-05 |
     8 |       8 |              8 |      4.51984 |      4.51984 |      4.51984 |       0.17294 |       3.0 | 350 | 1e-06 | 1e-05 |
    16 |       4 |             16 |      1.95933 |      1.95933 |      1.95933 |       0.12827 |       3.0 | 350 | 1e-06 | 1e-05 |
    32 |       2 |             32 |        0.403 |        0.403 |        0.403 |       0.06531 |       2.0 | 350 | 1e-06 | 1e-05 |
    64 |       1 |             64 |      0.18999 |      0.18999 |      0.18999 |       0.05178 |       2.0 | 350 | 1e-06 | 1e-05 |
